0.000000 0.500000 
0.010000 0.539974 
0.020000 0.579790 
0.030000 0.619291 
0.040000 0.658321 
0.050000 0.696726 
0.060000 0.734355 
0.070000 0.771060 
0.080000 0.806694 
0.090000 0.841118 
0.100000 0.874196 
0.110000 0.905797 
0.120000 0.935796 
0.130000 0.964076 
0.140000 0.990524 
0.150000 1.015036 
0.160000 1.037516 
0.170000 1.057874 
0.180000 1.076031 
0.190000 1.091914 
0.200000 1.105462 
0.210000 1.116620 
0.220000 1.125344 
0.230000 1.131600 
0.240000 1.135364 
0.250000 1.136620 
0.260000 1.135364 
0.270000 1.131600 
0.280000 1.125344 
0.290000 1.116620 
0.300000 1.105462 
0.310000 1.091915 
0.320000 1.076032 
0.330000 1.057875 
0.340000 1.037517 
0.350000 1.015037 
0.360000 0.990525 
0.370000 0.964077 
0.380000 0.935797 
0.390000 0.905798 
0.400000 0.874197 
0.410000 0.841119 
0.420000 0.806695 
0.430000 0.771061 
0.440000 0.734357 
0.450000 0.696728 
0.460000 0.658322 
0.470000 0.619292 
0.480000 0.579791 
0.490000 0.539975 
0.500000 0.500002 
0.510000 0.460028 
0.520000 0.420212 
0.530000 0.380711 
0.540000 0.341681 
0.550000 0.303275 
0.560000 0.265646 
0.570000 0.228942 
0.580000 0.193307 
0.590000 0.158883 
0.600000 0.125806 
0.610000 0.094204 
0.620000 0.064205 
0.630000 0.035925 
0.640000 0.009477 
0.650000 -0.015035 
0.660000 -0.037515 
0.670000 -0.057874 
0.680000 -0.076030 
0.690000 -0.091914 
0.700000 -0.105461 
0.710000 -0.116619 
0.720000 -0.125344 
0.730000 -0.131600 
0.740000 -0.135364 
0.750000 -0.136620 
0.760000 -0.135364 
0.770000 -0.131601 
0.780000 -0.125344 
0.790000 -0.116620 
0.800000 -0.105463 
0.810000 -0.091916 
0.820000 -0.076032 
0.830000 -0.057876 
0.840000 -0.037518 
0.850000 -0.015038 
0.860000 0.009474 
0.870000 0.035922 
0.880000 0.064201 
0.890000 0.094201 
0.900000 0.125802 
0.910000 0.158879 
0.920000 0.193303 
0.930000 0.228938 
0.940000 0.265642 
0.950000 0.303271 
0.960000 0.341676 
0.970000 0.380706 
0.980000 0.420207 
0.990000 0.460023 
1.000000 0.499997 
1.010000 0.539970 
1.020000 0.579786 
1.030000 0.619287 
1.040000 0.658318 
1.050000 0.696723 
1.060000 0.734352 
1.070000 0.771057 
1.080000 0.806691 
1.090000 0.841115 
1.100000 0.874193 
1.110000 0.905794 
1.120000 0.935794 
1.130000 0.964074 
1.140000 0.990522 
1.150000 1.015034 
1.160000 1.037514 
1.170000 1.057873 
1.180000 1.076030 
1.190000 1.091913 
1.200000 1.105461 
1.210000 1.116619 
1.220000 1.125343 
1.230000 1.131600 
1.240000 1.135364 
1.250000 1.136620 
1.260000 1.135364 
1.270000 1.131601 
1.280000 1.125345 
1.290000 1.116621 
1.300000 1.105463 
1.310000 1.091916 
1.320000 1.076033 
1.330000 1.057877 
1.340000 1.037519 
1.350000 1.015039 
1.360000 0.990527 
1.370000 0.964079 
1.380000 0.935800 
1.390000 0.905800 
1.400000 0.874200 
1.410000 0.841122 
1.420000 0.806698 
1.430000 0.771064 
1.440000 0.734360 
1.450000 0.696731 
1.460000 0.658326 
1.470000 0.619295 
1.480000 0.579794 
1.490000 0.539979 
1.500000 0.500005 
1.510000 0.460031 
1.520000 0.420215 
1.530000 0.380714 
1.540000 0.341684 
1.550000 0.303278 
1.560000 0.265649 
1.570000 0.228945 
1.580000 0.193310 
1.590000 0.158886 
1.600000 0.125808 
1.610000 0.094207 
1.620000 0.064207 
1.630000 0.035927 
1.640000 0.009479 
1.650000 -0.015033 
1.660000 -0.037513 
1.670000 -0.057872 
1.680000 -0.076029 
1.690000 -0.091913 
1.700000 -0.105460 
1.710000 -0.116618 
1.720000 -0.125343 
1.730000 -0.131600 
1.740000 -0.135364 
1.750000 -0.136620 
1.760000 -0.135364 
1.770000 -0.131601 
1.780000 -0.125345 
1.790000 -0.116621 
1.800000 -0.105464 
1.810000 -0.091917 
1.820000 -0.076034 
1.830000 -0.057877 
1.840000 -0.037519 
1.850000 -0.015040 
1.860000 0.009472 
1.870000 0.035920 
1.880000 0.064199 
1.890000 0.094198 
1.900000 0.125799 
1.910000 0.158877 
1.920000 0.193300 
1.930000 0.228935 
1.940000 0.265639 
1.950000 0.303268 
1.960000 0.341673 
1.970000 0.380703 
1.980000 0.420204 
1.990000 0.460020 
2.000000 0.499994 
2.010000 0.539967 
2.020000 0.579783 
2.030000 0.619284 
2.040000 0.658315 
2.050000 0.696720 
2.060000 0.734349 
2.070000 0.771054 
2.080000 0.806688 
2.090000 0.841113 
2.100000 0.874191 
2.110000 0.905792 
2.120000 0.935792 
2.130000 0.964072 
2.140000 0.990520 
2.150000 1.015033 
2.160000 1.037513 
2.170000 1.057871 
2.180000 1.076028 
2.190000 1.091912 
2.200000 1.105460 
2.210000 1.116618 
2.220000 1.125343 
2.230000 1.131599 
2.240000 1.135364 
2.250000 1.136620 
2.260000 1.135365 
2.270000 1.131601 
2.280000 1.125345 
2.290000 1.116622 
2.300000 1.105464 
2.310000 1.091917 
2.320000 1.076034 
2.330000 1.057878 
2.340000 1.037520 
2.350000 1.015041 
2.360000 0.990529 
2.370000 0.964081 
2.380000 0.935802 
2.390000 0.905803 
2.400000 0.874202 
2.410000 0.841125 
2.420000 0.806701 
2.430000 0.771067 
2.440000 0.734363 
2.450000 0.696734 
2.460000 0.658329 
2.470000 0.619299 
2.480000 0.579798 
2.490000 0.539982 
2.500000 0.500008 
2.510000 0.460034 
2.520000 0.420218 
2.530000 0.380717 
2.540000 0.341687 
2.550000 0.303281 
2.560000 0.265652 
2.570000 0.228948 
2.580000 0.193313 
2.590000 0.158889 
2.600000 0.125811 
2.610000 0.094209 
2.620000 0.064210 
2.630000 0.035930 
2.640000 0.009481 
2.650000 -0.015032 
2.660000 -0.037512 
2.670000 -0.057870 
2.680000 -0.076028 
2.690000 -0.091911 
2.700000 -0.105459 
2.710000 -0.116618 
2.720000 -0.125342 
2.730000 -0.131599 
2.740000 -0.135364 
2.750000 -0.136620 
2.760000 -0.135365 
2.770000 -0.131601 
2.780000 -0.125346 
2.790000 -0.116622 
2.800000 -0.105465 
2.810000 -0.091918 
2.820000 -0.076035 
2.830000 -0.057879 
2.840000 -0.037521 
2.850000 -0.015042 
2.860000 0.009470 
2.870000 0.035917 
2.880000 0.064197 
2.890000 0.094196 
2.900000 0.125796 
2.910000 0.158874 
2.920000 0.193298 
2.930000 0.228932 
2.940000 0.265636 
2.950000 0.303264 
2.960000 0.341670 
2.970000 0.380700 
2.980000 0.420201 
2.990000 0.460017 
3.000000 0.499990 
3.010000 0.539964 
3.020000 0.579780 
3.030000 0.619281 
3.040000 0.658312 
3.050000 0.696717 
3.060000 0.734346 
3.070000 0.771051 
3.080000 0.806685 
3.090000 0.841110 
3.100000 0.874188 
3.110000 0.905789 
3.120000 0.935789 
3.130000 0.964069 
3.140000 0.990518 
3.150000 1.015031 
3.160000 1.037511 
3.170000 1.057870 
3.180000 1.076027 
3.190000 1.091911 
3.200000 1.105459 
3.210000 1.116617 
3.220000 1.125342 
3.230000 1.131599 
3.240000 1.135363 
3.250000 1.136620 
3.260000 1.135365 
3.270000 1.131602 
3.280000 1.125346 
3.290000 1.116622 
3.300000 1.105465 
3.310000 1.091919 
3.320000 1.076036 
3.330000 1.057880 
3.340000 1.037522 
3.350000 1.015043 
3.360000 0.990531 
3.370000 0.964084 
3.380000 0.935805 
3.390000 0.905805 
3.400000 0.874205 
3.410000 0.841128 
3.420000 0.806704 
3.430000 0.771070 
3.440000 0.734366 
3.450000 0.696737 
3.460000 0.658332 
3.470000 0.619302 
3.480000 0.579801 
3.490000 0.539985 
3.500000 0.500011 
3.510000 0.460038 
3.520000 0.420222 
3.530000 0.380720 
3.540000 0.341690 
3.550000 0.303284 
3.560000 0.265655 
3.570000 0.228951 
3.580000 0.193316 
3.590000 0.158892 
3.600000 0.125813 
3.610000 0.094212 
3.620000 0.064212 
3.630000 0.035932 
3.640000 0.009483 
3.650000 -0.015030 
3.660000 -0.037510 
3.670000 -0.057869 
3.680000 -0.076026 
3.690000 -0.091910 
3.700000 -0.105458 
3.710000 -0.116617 
3.720000 -0.125342 
3.730000 -0.131599 
3.740000 -0.135363 
3.750000 -0.136620 
3.760000 -0.135365 
3.770000 -0.131602 
3.780000 -0.125346 
3.790000 -0.116623 
3.800000 -0.105466 
3.810000 -0.091919 
3.820000 -0.076037 
3.830000 -0.057881 
3.840000 -0.037523 
3.850000 -0.015044 
3.860000 0.009468 
3.870000 0.035915 
3.880000 0.064194 
3.890000 0.094193 
3.900000 0.125794 
3.910000 0.158871 
3.920000 0.193295 
3.930000 0.228929 
3.940000 0.265633 
3.950000 0.303261 
3.960000 0.341667 
3.970000 0.380697 
3.980000 0.420198 
3.990000 0.460013 
4.000000 0.499987 
4.010000 0.539961 
4.020000 0.579777 
4.030000 0.619278 
4.040000 0.658308 
4.050000 0.696714 
4.060000 0.734343 
4.070000 0.771048 
4.080000 0.806683 
4.090000 0.841107 
4.100000 0.874185 
4.110000 0.905787 
4.120000 0.935787 
4.130000 0.964067 
4.140000 0.990516 
4.150000 1.015029 
4.160000 1.037509 
4.170000 1.057868 
4.180000 1.076026 
4.190000 1.091910 
4.200000 1.105458 
4.210000 1.116616 
4.220000 1.125341 
4.230000 1.131599 
4.240000 1.135363 
4.250000 1.136620 
4.260000 1.135365 
4.270000 1.131602 
4.280000 1.125347 
4.290000 1.116623 
4.300000 1.105466 
4.310000 1.091920 
4.320000 1.076037 
4.330000 1.057881 
4.340000 1.037524 
4.350000 1.015045 
4.360000 0.990533 
4.370000 0.964086 
4.380000 0.935807 
4.390000 0.905808 
4.400000 0.874208 
4.410000 0.841130 
4.420000 0.806707 
4.430000 0.771073 
4.440000 0.734369 
4.450000 0.696740 
4.460000 0.658335 
4.470000 0.619305 
4.480000 0.579804 
4.490000 0.539988 
4.500000 0.500015 
4.510000 0.460041 
4.520000 0.420225 
4.530000 0.380724 
4.540000 0.341693 
4.550000 0.303287 
4.560000 0.265658 
4.570000 0.228954 
4.580000 0.193319 
4.590000 0.158894 
4.600000 0.125816 
4.610000 0.094214 
4.620000 0.064214 
4.630000 0.035934 
4.640000 0.009485 
4.650000 -0.015028 
4.660000 -0.037508 
4.670000 -0.057867 
4.680000 -0.076025 
4.690000 -0.091909 
4.700000 -0.105457 
4.710000 -0.116616 
4.720000 -0.125341 
4.730000 -0.131598 
4.740000 -0.135363 
4.750000 -0.136620 
4.760000 -0.135365 
4.770000 -0.131602 
4.780000 -0.125347 
4.790000 -0.116624 
4.800000 -0.105467 
4.810000 -0.091920 
4.820000 -0.076038 
4.830000 -0.057882 
4.840000 -0.037525 
4.850000 -0.015046 
4.860000 0.009466 
4.870000 0.035913 
4.880000 0.064192 
4.890000 0.094191 
4.900000 0.125791 
4.910000 0.158868 
4.920000 0.193292 
4.930000 0.228926 
4.940000 0.265630 
4.950000 0.303258 
4.960000 0.341663 
4.970000 0.380693 
4.980000 0.420194 
4.990000 0.460010 
