0.000000 0.500000 
0.010000 0.951379 
0.020000 0.974903 
0.030000 0.983105 
0.040000 0.987240 
0.050000 0.989720 
0.060000 0.991365 
0.070000 0.992532 
0.080000 0.993398 
0.090000 0.994063 
0.100000 0.994588 
0.110000 0.995009 
0.120000 0.995352 
0.130000 0.995635 
0.140000 0.995870 
0.150000 0.996067 
0.160000 0.996231 
0.170000 0.996369 
0.180000 0.996483 
0.190000 0.996577 
0.200000 0.996654 
0.210000 0.996714 
0.220000 0.996760 
0.230000 0.996792 
0.240000 0.996811 
0.250000 0.996818 
0.260000 0.996811 
0.270000 0.996792 
0.280000 0.996760 
0.290000 0.996714 
0.300000 0.996654 
0.310000 0.996577 
0.320000 0.996483 
0.330000 0.996369 
0.340000 0.996231 
0.350000 0.996067 
0.360000 0.995870 
0.370000 0.995635 
0.380000 0.995352 
0.390000 0.995009 
0.400000 0.994588 
0.410000 0.994063 
0.420000 0.993398 
0.430000 0.992532 
0.440000 0.991365 
0.450000 0.989720 
0.460000 0.987240 
0.470000 0.983105 
0.480000 0.974903 
0.490000 0.951379 
0.500000 0.500081 
0.510000 0.048621 
0.520000 0.025097 
0.530000 0.016895 
0.540000 0.012760 
0.550000 0.010280 
0.560000 0.008635 
0.570000 0.007468 
0.580000 0.006602 
0.590000 0.005937 
0.600000 0.005412 
0.610000 0.004991 
0.620000 0.004648 
0.630000 0.004365 
0.640000 0.004130 
0.650000 0.003933 
0.660000 0.003769 
0.670000 0.003631 
0.680000 0.003517 
0.690000 0.003423 
0.700000 0.003346 
0.710000 0.003286 
0.720000 0.003240 
0.730000 0.003208 
0.740000 0.003189 
0.750000 0.003182 
0.760000 0.003189 
0.770000 0.003208 
0.780000 0.003240 
0.790000 0.003286 
0.800000 0.003346 
0.810000 0.003423 
0.820000 0.003517 
0.830000 0.003631 
0.840000 0.003769 
0.850000 0.003933 
0.860000 0.004130 
0.870000 0.004365 
0.880000 0.004648 
0.890000 0.004991 
0.900000 0.005412 
0.910000 0.005937 
0.920000 0.006602 
0.930000 0.007468 
0.940000 0.008635 
0.950000 0.010280 
0.960000 0.012760 
0.970000 0.016895 
0.980000 0.025097 
0.990000 0.048621 
1.000000 0.499839 
1.010000 0.951379 
1.020000 0.974903 
1.030000 0.983105 
1.040000 0.987240 
1.050000 0.989720 
1.060000 0.991365 
1.070000 0.992532 
1.080000 0.993398 
1.090000 0.994063 
1.100000 0.994588 
1.110000 0.995009 
1.120000 0.995352 
1.130000 0.995635 
1.140000 0.995870 
1.150000 0.996067 
1.160000 0.996231 
1.170000 0.996369 
1.180000 0.996483 
1.190000 0.996577 
1.200000 0.996654 
1.210000 0.996714 
1.220000 0.996760 
1.230000 0.996792 
1.240000 0.996811 
1.250000 0.996818 
1.260000 0.996811 
1.270000 0.996792 
1.280000 0.996760 
1.290000 0.996714 
1.300000 0.996654 
1.310000 0.996577 
1.320000 0.996483 
1.330000 0.996369 
1.340000 0.996231 
1.350000 0.996067 
1.360000 0.995870 
1.370000 0.995635 
1.380000 0.995352 
1.390000 0.995009 
1.400000 0.994588 
1.410000 0.994063 
1.420000 0.993398 
1.430000 0.992532 
1.440000 0.991365 
1.450000 0.989720 
1.460000 0.987240 
1.470000 0.983105 
1.480000 0.974903 
1.490000 0.951379 
1.500000 0.500242 
1.510000 0.048621 
1.520000 0.025097 
1.530000 0.016895 
1.540000 0.012760 
1.550000 0.010280 
1.560000 0.008635 
1.570000 0.007468 
1.580000 0.006602 
1.590000 0.005937 
1.600000 0.005412 
1.610000 0.004991 
1.620000 0.004648 
1.630000 0.004365 
1.640000 0.004130 
1.650000 0.003933 
1.660000 0.003769 
1.670000 0.003631 
1.680000 0.003517 
1.690000 0.003423 
1.700000 0.003346 
1.710000 0.003286 
1.720000 0.003240 
1.730000 0.003208 
1.740000 0.003189 
1.750000 0.003182 
1.760000 0.003189 
1.770000 0.003208 
1.780000 0.003240 
1.790000 0.003286 
1.800000 0.003346 
1.810000 0.003423 
1.820000 0.003517 
1.830000 0.003631 
1.840000 0.003769 
1.850000 0.003933 
1.860000 0.004130 
1.870000 0.004365 
1.880000 0.004648 
1.890000 0.004991 
1.900000 0.005412 
1.910000 0.005937 
1.920000 0.006602 
1.930000 0.007468 
1.940000 0.008635 
1.950000 0.010280 
1.960000 0.012760 
1.970000 0.016895 
1.980000 0.025097 
1.990000 0.048621 
2.000000 0.499677 
2.010000 0.951379 
2.020000 0.974903 
2.030000 0.983105 
2.040000 0.987240 
2.050000 0.989720 
2.060000 0.991365 
2.070000 0.992532 
2.080000 0.993398 
2.090000 0.994063 
2.100000 0.994588 
2.110000 0.995009 
2.120000 0.995352 
2.130000 0.995635 
2.140000 0.995870 
2.150000 0.996067 
2.160000 0.996231 
2.170000 0.996369 
2.180000 0.996483 
2.190000 0.996577 
2.200000 0.996654 
2.210000 0.996714 
2.220000 0.996760 
2.230000 0.996792 
2.240000 0.996811 
2.250000 0.996818 
2.260000 0.996811 
2.270000 0.996792 
2.280000 0.996760 
2.290000 0.996714 
2.300000 0.996654 
2.310000 0.996577 
2.320000 0.996483 
2.330000 0.996369 
2.340000 0.996231 
2.350000 0.996067 
2.360000 0.995870 
2.370000 0.995635 
2.380000 0.995352 
2.390000 0.995009 
2.400000 0.994588 
2.410000 0.994063 
2.420000 0.993398 
2.430000 0.992532 
2.440000 0.991365 
2.450000 0.989720 
2.460000 0.987240 
2.470000 0.983105 
2.480000 0.974903 
2.490000 0.951379 
2.500000 0.500403 
2.510000 0.048621 
2.520000 0.025097 
2.530000 0.016895 
2.540000 0.012760 
2.550000 0.010280 
2.560000 0.008635 
2.570000 0.007468 
2.580000 0.006602 
2.590000 0.005937 
2.600000 0.005412 
2.610000 0.004991 
2.620000 0.004648 
2.630000 0.004365 
2.640000 0.004130 
2.650000 0.003933 
2.660000 0.003769 
2.670000 0.003631 
2.680000 0.003517 
2.690000 0.003423 
2.700000 0.003346 
2.710000 0.003286 
2.720000 0.003240 
2.730000 0.003208 
2.740000 0.003189 
2.750000 0.003182 
2.760000 0.003189 
2.770000 0.003208 
2.780000 0.003240 
2.790000 0.003286 
2.800000 0.003346 
2.810000 0.003423 
2.820000 0.003517 
2.830000 0.003631 
2.840000 0.003769 
2.850000 0.003933 
2.860000 0.004130 
2.870000 0.004365 
2.880000 0.004648 
2.890000 0.004991 
2.900000 0.005412 
2.910000 0.005937 
2.920000 0.006602 
2.930000 0.007468 
2.940000 0.008635 
2.950000 0.010280 
2.960000 0.012760 
2.970000 0.016895 
2.980000 0.025097 
2.990000 0.048621 
3.000000 0.499516 
3.010000 0.951379 
3.020000 0.974903 
3.030000 0.983105 
3.040000 0.987240 
3.050000 0.989720 
3.060000 0.991365 
3.070000 0.992532 
3.080000 0.993398 
3.090000 0.994063 
3.100000 0.994588 
3.110000 0.995009 
3.120000 0.995352 
3.130000 0.995635 
3.140000 0.995870 
3.150000 0.996067 
3.160000 0.996231 
3.170000 0.996369 
3.180000 0.996483 
3.190000 0.996577 
3.200000 0.996654 
3.210000 0.996714 
3.220000 0.996760 
3.230000 0.996792 
3.240000 0.996811 
3.250000 0.996818 
3.260000 0.996811 
3.270000 0.996792 
3.280000 0.996760 
3.290000 0.996714 
3.300000 0.996654 
3.310000 0.996577 
3.320000 0.996483 
3.330000 0.996369 
3.340000 0.996231 
3.350000 0.996067 
3.360000 0.995870 
3.370000 0.995635 
3.380000 0.995352 
3.390000 0.995009 
3.400000 0.994588 
3.410000 0.994063 
3.420000 0.993398 
3.430000 0.992532 
3.440000 0.991365 
3.450000 0.989720 
3.460000 0.987240 
3.470000 0.983105 
3.480000 0.974903 
3.490000 0.951379 
3.500000 0.500565 
3.510000 0.048621 
3.520000 0.025097 
3.530000 0.016895 
3.540000 0.012760 
3.550000 0.010280 
3.560000 0.008635 
3.570000 0.007468 
3.580000 0.006602 
3.590000 0.005937 
3.600000 0.005412 
3.610000 0.004991 
3.620000 0.004648 
3.630000 0.004365 
3.640000 0.004130 
3.650000 0.003933 
3.660000 0.003769 
3.670000 0.003631 
3.680000 0.003517 
3.690000 0.003423 
3.700000 0.003346 
3.710000 0.003286 
3.720000 0.003240 
3.730000 0.003208 
3.740000 0.003189 
3.750000 0.003182 
3.760000 0.003189 
3.770000 0.003208 
3.780000 0.003240 
3.790000 0.003286 
3.800000 0.003346 
3.810000 0.003423 
3.820000 0.003517 
3.830000 0.003631 
3.840000 0.003769 
3.850000 0.003933 
3.860000 0.004130 
3.870000 0.004365 
3.880000 0.004648 
3.890000 0.004991 
3.900000 0.005412 
3.910000 0.005937 
3.920000 0.006602 
3.930000 0.007468 
3.940000 0.008635 
3.950000 0.010280 
3.960000 0.012760 
3.970000 0.016895 
3.980000 0.025097 
3.990000 0.048621 
4.000000 0.499354 
4.010000 0.951379 
4.020000 0.974903 
4.030000 0.983105 
4.040000 0.987240 
4.050000 0.989720 
4.060000 0.991365 
4.070000 0.992532 
4.080000 0.993398 
4.090000 0.994063 
4.100000 0.994588 
4.110000 0.995009 
4.120000 0.995352 
4.130000 0.995635 
4.140000 0.995870 
4.150000 0.996067 
4.160000 0.996231 
4.170000 0.996369 
4.180000 0.996483 
4.190000 0.996577 
4.200000 0.996654 
4.210000 0.996714 
4.220000 0.996760 
4.230000 0.996792 
4.240000 0.996811 
4.250000 0.996818 
4.260000 0.996811 
4.270000 0.996792 
4.280000 0.996760 
4.290000 0.996714 
4.300000 0.996654 
4.310000 0.996577 
4.320000 0.996483 
4.330000 0.996369 
4.340000 0.996231 
4.350000 0.996067 
4.360000 0.995870 
4.370000 0.995635 
4.380000 0.995352 
4.390000 0.995009 
4.400000 0.994588 
4.410000 0.994063 
4.420000 0.993398 
4.430000 0.992532 
4.440000 0.991365 
4.450000 0.989720 
4.460000 0.987240 
4.470000 0.983105 
4.480000 0.974903 
4.490000 0.951379 
4.500000 0.500726 
4.510000 0.048621 
4.520000 0.025097 
4.530000 0.016895 
4.540000 0.012760 
4.550000 0.010280 
4.560000 0.008635 
4.570000 0.007468 
4.580000 0.006602 
4.590000 0.005937 
4.600000 0.005412 
4.610000 0.004991 
4.620000 0.004648 
4.630000 0.004365 
4.640000 0.004130 
4.650000 0.003933 
4.660000 0.003769 
4.670000 0.003631 
4.680000 0.003517 
4.690000 0.003423 
4.700000 0.003346 
4.710000 0.003286 
4.720000 0.003240 
4.730000 0.003208 
4.740000 0.003189 
4.750000 0.003182 
4.760000 0.003189 
4.770000 0.003208 
4.780000 0.003240 
4.790000 0.003286 
4.800000 0.003346 
4.810000 0.003423 
4.820000 0.003517 
4.830000 0.003631 
4.840000 0.003769 
4.850000 0.003933 
4.860000 0.004130 
4.870000 0.004365 
4.880000 0.004648 
4.890000 0.004991 
4.900000 0.005412 
4.910000 0.005937 
4.920000 0.006602 
4.930000 0.007468 
4.940000 0.008635 
4.950000 0.010280 
4.960000 0.012760 
4.970000 0.016895 
4.980000 0.025097 
4.990000 0.048621 
