0.000000 0.500000 
0.010000 0.695707 
0.020000 0.866826 
0.030000 0.994270 
0.040000 1.068516 
0.050000 1.091165 
0.060000 1.073681 
0.070000 1.033754 
0.080000 0.990360 
0.090000 0.958932 
0.100000 0.947945 
0.110000 0.957740 
0.120000 0.981754 
0.130000 1.009589 
0.140000 1.030861 
0.150000 1.038618 
0.160000 1.031317 
0.170000 1.012848 
0.180000 0.990763 
0.190000 0.973399 
0.200000 0.966913 
0.210000 0.973226 
0.220000 0.989528 
0.230000 1.009449 
0.240000 1.025442 
0.250000 1.031527 
0.260000 1.025443 
0.270000 1.009450 
0.280000 0.989529 
0.290000 0.973226 
0.300000 0.966913 
0.310000 0.973399 
0.320000 0.990762 
0.330000 1.012847 
0.340000 1.031316 
0.350000 1.038618 
0.360000 1.030861 
0.370000 1.009590 
0.380000 0.981755 
0.390000 0.957740 
0.400000 0.947945 
0.410000 0.958931 
0.420000 0.990358 
0.430000 1.033752 
0.440000 1.073679 
0.450000 1.091165 
0.460000 1.068518 
0.470000 0.994274 
0.480000 0.866832 
0.490000 0.695715 
0.500000 0.500008 
0.510000 0.304300 
0.520000 0.133181 
0.530000 0.005734 
0.540000 -0.068514 
0.550000 -0.091165 
0.560000 -0.073682 
0.570000 -0.033756 
0.580000 0.009639 
0.590000 0.041067 
0.600000 0.052055 
0.610000 0.042261 
0.620000 0.018247 
0.630000 -0.009588 
0.640000 -0.030860 
0.650000 -0.038618 
0.660000 -0.031317 
0.670000 -0.012849 
0.680000 0.009236 
0.690000 0.026600 
0.700000 0.033087 
0.710000 0.026775 
0.720000 0.010473 
0.730000 -0.009448 
0.740000 -0.025442 
0.750000 -0.031527 
0.760000 -0.025443 
0.770000 -0.009451 
0.780000 0.010470 
0.790000 0.026773 
0.800000 0.033087 
0.810000 0.026602 
0.820000 0.009239 
0.830000 -0.012846 
0.840000 -0.031316 
0.850000 -0.038618 
0.860000 -0.030862 
0.870000 -0.009591 
0.880000 0.018243 
0.890000 0.042259 
0.900000 0.052055 
0.910000 0.041070 
0.920000 0.009644 
0.930000 -0.033750 
0.940000 -0.073678 
0.950000 -0.091165 
0.960000 -0.068520 
0.970000 0.005722 
0.980000 0.133162 
0.990000 0.304278 
1.000000 0.499984 
1.010000 0.695692 
1.020000 0.866813 
1.030000 0.994262 
1.040000 1.068513 
1.050000 1.091165 
1.060000 1.073683 
1.070000 1.033757 
1.080000 0.990363 
1.090000 0.958934 
1.100000 0.947945 
1.110000 0.957738 
1.120000 0.981752 
1.130000 1.009587 
1.140000 1.030859 
1.150000 1.038618 
1.160000 1.031318 
1.170000 1.012849 
1.180000 0.990765 
1.190000 0.973400 
1.200000 0.966913 
1.210000 0.973225 
1.220000 0.989526 
1.230000 1.009448 
1.240000 1.025441 
1.250000 1.031527 
1.260000 1.025443 
1.270000 1.009452 
1.280000 0.989530 
1.290000 0.973227 
1.300000 0.966913 
1.310000 0.973398 
1.320000 0.990761 
1.330000 1.012845 
1.340000 1.031315 
1.350000 1.038618 
1.360000 1.030863 
1.370000 1.009592 
1.380000 0.981758 
1.390000 0.957742 
1.400000 0.947945 
1.410000 0.958930 
1.420000 0.990355 
1.430000 1.033748 
1.440000 1.073677 
1.450000 1.091165 
1.460000 1.068522 
1.470000 0.994283 
1.480000 0.866844 
1.490000 0.695730 
1.500000 0.500024 
1.510000 0.304315 
1.520000 0.133193 
1.530000 0.005742 
1.540000 -0.068511 
1.550000 -0.091165 
1.560000 -0.073685 
1.570000 -0.033759 
1.580000 0.009636 
1.590000 0.041065 
1.600000 0.052055 
1.610000 0.042263 
1.620000 0.018249 
1.630000 -0.009586 
1.640000 -0.030859 
1.650000 -0.038618 
1.660000 -0.031318 
1.670000 -0.012850 
1.680000 0.009234 
1.690000 0.026599 
1.700000 0.033087 
1.710000 0.026776 
1.720000 0.010474 
1.730000 -0.009447 
1.740000 -0.025441 
1.750000 -0.031527 
1.760000 -0.025444 
1.770000 -0.009452 
1.780000 0.010469 
1.790000 0.026772 
1.800000 0.033087 
1.810000 0.026603 
1.820000 0.009240 
1.830000 -0.012844 
1.840000 -0.031315 
1.850000 -0.038618 
1.860000 -0.030863 
1.870000 -0.009593 
1.880000 0.018241 
1.890000 0.042257 
1.900000 0.052055 
1.910000 0.041071 
1.920000 0.009647 
1.930000 -0.033747 
1.940000 -0.073676 
1.950000 -0.091165 
1.960000 -0.068524 
1.970000 0.005713 
1.980000 0.133150 
1.990000 0.304262 
2.000000 0.499968 
2.010000 0.695677 
2.020000 0.866801 
2.030000 0.994254 
2.040000 1.068509 
2.050000 1.091165 
2.060000 1.073686 
2.070000 1.033761 
2.080000 0.990366 
2.090000 0.958936 
2.100000 0.947945 
2.110000 0.957737 
2.120000 0.981750 
2.130000 1.009585 
2.140000 1.030858 
2.150000 1.038618 
2.160000 1.031319 
2.170000 1.012851 
2.180000 0.990767 
2.190000 0.973401 
2.200000 0.966913 
2.210000 0.973224 
2.220000 0.989525 
2.230000 1.009446 
2.240000 1.025440 
2.250000 1.031527 
2.260000 1.025444 
2.270000 1.009453 
2.280000 0.989532 
2.290000 0.973228 
2.300000 0.966913 
2.310000 0.973397 
2.320000 0.990759 
2.330000 1.012843 
2.340000 1.031314 
2.350000 1.038618 
2.360000 1.030864 
2.370000 1.009594 
2.380000 0.981760 
2.390000 0.957743 
2.400000 0.947945 
2.410000 0.958928 
2.420000 0.990352 
2.430000 1.033745 
2.440000 1.073674 
2.450000 1.091165 
2.460000 1.068526 
2.470000 0.994291 
2.480000 0.866856 
2.490000 0.695745 
2.500000 0.500040 
2.510000 0.304330 
2.520000 0.133205 
2.530000 0.005750 
2.540000 -0.068507 
2.550000 -0.091165 
2.560000 -0.073687 
2.570000 -0.033763 
2.580000 0.009632 
2.590000 0.041063 
2.600000 0.052055 
2.610000 0.042264 
2.620000 0.018251 
2.630000 -0.009584 
2.640000 -0.030858 
2.650000 -0.038618 
2.660000 -0.031320 
2.670000 -0.012852 
2.680000 0.009233 
2.690000 0.026598 
2.700000 0.033087 
2.710000 0.026777 
2.720000 0.010476 
2.730000 -0.009445 
2.740000 -0.025440 
2.750000 -0.031527 
2.760000 -0.025445 
2.770000 -0.009454 
2.780000 0.010467 
2.790000 0.026771 
2.800000 0.033087 
2.810000 0.026604 
2.820000 0.009242 
2.830000 -0.012842 
2.840000 -0.031313 
2.850000 -0.038618 
2.860000 -0.030864 
2.870000 -0.009596 
2.880000 0.018239 
2.890000 0.042256 
2.900000 0.052055 
2.910000 0.041073 
2.920000 0.009650 
2.930000 -0.033743 
2.940000 -0.073673 
2.950000 -0.091165 
2.960000 -0.068528 
2.970000 0.005705 
2.980000 0.133138 
2.990000 0.304247 
3.000000 0.499952 
3.010000 0.695662 
3.020000 0.866789 
3.030000 0.994246 
3.040000 1.068505 
3.050000 1.091165 
3.060000 1.073688 
3.070000 1.033765 
3.080000 0.990369 
3.090000 0.958938 
3.100000 0.947945 
3.110000 0.957735 
3.120000 0.981748 
3.130000 1.009583 
3.140000 1.030857 
3.150000 1.038618 
3.160000 1.031320 
3.170000 1.012853 
3.180000 0.990768 
3.190000 0.973402 
3.200000 0.966913 
3.210000 0.973223 
3.220000 0.989523 
3.230000 1.009445 
3.240000 1.025439 
3.250000 1.031527 
3.260000 1.025445 
3.270000 1.009455 
3.280000 0.989533 
3.290000 0.973229 
3.300000 0.966913 
3.310000 0.973396 
3.320000 0.990757 
3.330000 1.012842 
3.340000 1.031313 
3.350000 1.038618 
3.360000 1.030865 
3.370000 1.009597 
3.380000 0.981762 
3.390000 0.957745 
3.400000 0.947945 
3.410000 0.958926 
3.420000 0.990348 
3.430000 1.033741 
3.440000 1.073672 
3.450000 1.091165 
3.460000 1.068530 
3.470000 0.994299 
3.480000 0.866868 
3.490000 0.695760 
3.500000 0.500056 
3.510000 0.304346 
3.520000 0.133217 
3.530000 0.005758 
3.540000 -0.068503 
3.550000 -0.091165 
3.560000 -0.073690 
3.570000 -0.033766 
3.580000 0.009629 
3.590000 0.041062 
3.600000 0.052055 
3.610000 0.042266 
3.620000 0.018254 
3.630000 -0.009582 
3.640000 -0.030856 
3.650000 -0.038618 
3.660000 -0.031321 
3.670000 -0.012854 
3.680000 0.009231 
3.690000 0.026597 
3.700000 0.033087 
3.710000 0.026778 
3.720000 0.010478 
3.730000 -0.009444 
3.740000 -0.025439 
3.750000 -0.031527 
3.760000 -0.025446 
3.770000 -0.009455 
3.780000 0.010466 
3.790000 0.026770 
3.800000 0.033087 
3.810000 0.026605 
3.820000 0.009244 
3.830000 -0.012841 
3.840000 -0.031312 
3.850000 -0.038618 
3.860000 -0.030866 
3.870000 -0.009598 
3.880000 0.018237 
3.890000 0.042254 
3.900000 0.052055 
3.910000 0.041075 
3.920000 0.009653 
3.930000 -0.033739 
3.940000 -0.073670 
3.950000 -0.091165 
3.960000 -0.068532 
3.970000 0.005697 
3.980000 0.133125 
3.990000 0.304232 
4.000000 0.499935 
4.010000 0.695647 
4.020000 0.866777 
4.030000 0.994237 
4.040000 1.068501 
4.050000 1.091165 
4.060000 1.073691 
4.070000 1.033768 
4.080000 0.990372 
4.090000 0.958939 
4.100000 0.947945 
4.110000 0.957734 
4.120000 0.981745 
4.130000 1.009581 
4.140000 1.030856 
4.150000 1.038618 
4.160000 1.031321 
4.170000 1.012855 
4.180000 0.990770 
4.190000 0.973403 
4.200000 0.966913 
4.210000 0.973222 
4.220000 0.989522 
4.230000 1.009443 
4.240000 1.025438 
4.250000 1.031527 
4.260000 1.025446 
4.270000 1.009456 
4.280000 0.989535 
4.290000 0.973230 
4.300000 0.966913 
4.310000 0.973395 
4.320000 0.990756 
4.330000 1.012840 
4.340000 1.031312 
4.350000 1.038618 
4.360000 1.030866 
4.370000 1.009599 
4.380000 0.981764 
4.390000 0.957746 
4.400000 0.947945 
4.410000 0.958924 
4.420000 0.990345 
4.430000 1.033737 
4.440000 1.073669 
4.450000 1.091165 
4.460000 1.068533 
4.470000 0.994307 
4.480000 0.866881 
4.490000 0.695775 
4.500000 0.500073 
4.510000 0.304361 
4.520000 0.133230 
4.530000 0.005767 
4.540000 -0.068499 
4.550000 -0.091165 
4.560000 -0.073692 
4.570000 -0.033770 
4.580000 0.009626 
4.590000 0.041060 
4.600000 0.052055 
4.610000 0.042267 
4.620000 0.018256 
4.630000 -0.009580 
4.640000 -0.030855 
4.650000 -0.038618 
4.660000 -0.031322 
4.670000 -0.012856 
4.680000 0.009229 
4.690000 0.026596 
4.700000 0.033087 
4.710000 0.026779 
4.720000 0.010479 
4.730000 -0.009442 
4.740000 -0.025438 
4.750000 -0.031527 
4.760000 -0.025447 
4.770000 -0.009457 
4.780000 0.010464 
4.790000 0.026769 
4.800000 0.033087 
4.810000 0.026606 
4.820000 0.009245 
4.830000 -0.012839 
4.840000 -0.031311 
4.850000 -0.038618 
4.860000 -0.030867 
4.870000 -0.009600 
4.880000 0.018234 
4.890000 0.042253 
4.900000 0.052055 
4.910000 0.041077 
4.920000 0.009656 
4.930000 -0.033736 
4.940000 -0.073668 
4.950000 -0.091165 
4.960000 -0.068535 
4.970000 0.005689 
4.980000 0.133113 
4.990000 0.304217 
